1447
1448
1449
1450
1451
1452
1453
1454
1455
1456
1457
1458
1459
1460
1461
1462
1463
1464
1465
1466
1467
1468
1469
1470
1471
1472
1473
1474
1475
1476
1477
1478
1479
1480
1481
1482
1483
1484
1485
1486
1487
1488
1489
1490
1491
1492
1493
1494
1495
1496
1497
1498
1499
1500
1501
1502
1503
1504
1505
1506
1507
1508
1509
1510
1511
1512
1513
1514
1515
1516
1517
1518
1519
1520
1521
1522
1523
1524
1525
1526
1527
1528
1529
1530
1531
1532
1533
1534
1535
1536
1537
1538
1539
1540
1541
1542
1543
1543
1544
1544
1545
1545
1546
1547
1547
1548
1548
1549
1549
1550
1550
1551
1551
1552
1552
1553
1553
1554
1555
1555
1556
1556
1557
1557
1558
1558
1559
1559
1560
1560
1561
1561
1562
1563
1563
1564
1564
1565
1565
1566
1566
1567
1567
1568
1568
1569
1569
1570
1570
1571
1572
1572
1573
1573
1574
1574
1575
1575
1576
1576
1577
1577
1578
1578
1579
1580
1580
1581
1581
1582
1582
1583
1583
1584
1584
1585
1585
1586
1586
1587
1588
1588
1589
1589
1590
1590
1591
1591
1592
1592
1593
1593
1594
1594
1595
1595
1596
1597
1597
1598
1598
1599
1599
1600
1600
1601
1601
1602
1602
1603
1603
1604
1605
1605
1606
1606
1607
1607
1608
1608
1609
1609
1610
1610
1611
1611
1612
1612
1613
1614
1614
1615
1615
1616
1616
1617
1617
1618
1618
1619
1619
1620
1620
1621
1622
1622
1623
1623
1624
1624
1625
1625
1626
1626
1627
1627
1628
1628
1629
1630
1630
1631
1631
1632
1632
1633
1633
1634
1634
1635
1635
1636
1636
1637
1637
1638
1639
1639
1640
1640
1641
1641
1642
1642
1643
1643
1644
1644
1645
1645
1646
1647
1647
1648
1648
1649
1649
1650
1650
1651
1651
1652
1652
1653
1653
1654
1654
1655
1656
1656
1657
1657
1658
1658
1659
1659
1660
1660
1661
1661
1662
1662
1663
1664
1664
1665
1665
1666
1666
1667
1667
1668
1668
1669
1668
1667
1666
1665
1664
1663
1662
1661
1660
1659
1658
1657
1656
1655
1654
1653
1652
1651
1650
1649
1648
1647
1646
1645
1644
1643
1642
1641
1640
1639
1638
1637
1636
1635
1634
1633
1632
1631
1630
1629
1628
1627
1626
1625
1624
1623
1622
1621
1620
1619
1618
1617
1616
1615
1614
1613
1612
1611
1610
1609
1608
1607
1606
1605
1604
1603
1602
1601
1600
1599
1598
1597
1596
1595
1594
1593
1592
1591
1590
1589
1588
1587
1586
1585
1584
1583
1582
1581
1580
1579
1578
1577
1576
1575
1574
1573
1572
1571
1571
1570
1570
1569
1569
1568
1568
1567
1567
1566
1566
1565
1565
1564
1564
1563
1563
1562
1561
1561
1560
1560
1559
1559
1558
1558
1557
1557
1556
1556
1555
1555
1554
1554
1553
1552
1552
1551
1551
1550
1550
1549
1549
1548
1548
1547
1547
1546
1546
1545
1545
1544
1544
1543
1542
1542
1541
1541
1540
1540
1539
1539
1538
1538
1537
1537
1536
1536
1535
1535
1534
1533
1533
1532
1532
1531
1531
1530
1530
1529
1529
1528
1528
1527
1527
1526
1526
1525
1525
1524
1523
1523
1522
1522
1521
1521
1520
1520
1519
1519
1518
1518
1517
1517
1516
1516
1515
1514
1514
1513
1513
1512
1512
1511
1511
1510
1510
1509
1509
1508
1508
1507
1507
1506
1506
1505
1504
1504
1503
1503
1502
1502
1501
1501
1500
1500
1499
1499
1498
1498
1497
1497
1496
1495
1495
1494
1494
1493
1493
1492
1492
1491
1491
1490
1490
1489
1489
1488
1488
1487
1487
1486
1485
1485
1484
1484
1483
1483
1482
1482
1481
1481
1480
1480
1479
1479
1478
1478
1477
1476
1476
1475
1475
1474
1474
1473
1473
1472
1472
1471
1471
1470
1470
1469
1468
1468
1467
1467
1466
1466
1465
1465
1464
1464
1463
1463
1462
1462
1461
1461
1460
1459
1459
1458
1458
1457
1457
1456
1456
1455
1455
1454
1454
1453
1453
1452
1452
1451
1450
1450
1449
1449
1448
1448
1447
