1187,1038
1188,1373
1459,1372
1458,1038
--------------------
908,1038
909,1374
1180,1373
1179,1038
--------------------
636,1038
638,1343
749,1345
750,1374
900,1373
899,1038
--------------------
363,1038
364,1342
628,1342
627,1038
--------------------
295,1037
85,1039
87,1340
355,1340
354,1038
--------------------
84,707
86,1030
259,1028
261,920
376,919
375,707
--------------------
766,672
767,928
1046,927
1045,672
--------------------
509,672
510,928
758,927
757,672
--------------------
1164,525
1165,928
1367,927
1365,698
--------------------
83,478
84,699
376,698
375,478
--------------------
510,444
510,664
758,663
757,444
--------------------
855,261
853,444
766,445
767,664
1156,663
1154,517
--------------------
82,223
84,469
376,468
375,223
--------------------
