[[[330 464]]

 [[329 465]]

 [[329 466]]

 [[329 467]]

 [[328 468]]

 [[328 469]]

 [[328 470]]

 [[327 471]]

 [[327 472]]

 [[326 473]]

 [[326 474]]

 [[326 475]]

 [[325 476]]

 [[325 477]]

 [[325 478]]

 [[324 479]]

 [[324 480]]

 [[323 481]]

 [[323 482]]

 [[323 483]]

 [[322 484]]

 [[322 485]]

 [[322 486]]

 [[321 487]]

 [[321 488]]

 [[320 489]]

 [[320 490]]

 [[320 491]]

 [[319 492]]

 [[319 493]]

 [[319 494]]

 [[318 495]]

 [[318 496]]

 [[317 497]]

 [[317 498]]

 [[317 499]]

 [[316 500]]

 [[316 501]]

 [[316 502]]

 [[315 503]]

 [[316 504]]

 [[317 504]]

 [[318 504]]

 [[319 505]]

 [[320 505]]

 [[321 506]]

 [[322 506]]

 [[323 506]]

 [[324 507]]

 [[325 507]]

 [[326 507]]

 [[327 508]]

 [[328 508]]

 [[329 509]]

 [[330 509]]

 [[331 509]]

 [[332 510]]

 [[333 510]]

 [[334 511]]

 [[335 511]]

 [[336 511]]

 [[337 512]]

 [[338 512]]

 [[339 512]]

 [[340 513]]

 [[341 513]]

 [[342 514]]

 [[343 514]]

 [[344 514]]

 [[345 515]]

 [[346 515]]

 [[347 516]]

 [[348 516]]

 [[349 516]]

 [[350 517]]

 [[351 517]]

 [[352 517]]

 [[353 518]]

 [[354 518]]

 [[355 519]]

 [[356 519]]

 [[357 519]]

 [[358 520]]

 [[359 520]]

 [[360 521]]

 [[361 521]]

 [[362 521]]

 [[363 522]]

 [[364 522]]

 [[365 522]]

 [[366 523]]

 [[367 523]]

 [[368 524]]

 [[369 524]]

 [[370 524]]

 [[371 525]]

 [[372 525]]

 [[373 526]]

 [[374 526]]

 [[375 526]]

 [[376 527]]

 [[377 527]]

 [[378 528]]

 [[379 528]]

 [[380 528]]

 [[381 529]]

 [[382 529]]

 [[383 529]]

 [[384 530]]

 [[385 530]]

 [[386 531]]

 [[387 531]]

 [[388 531]]

 [[389 532]]

 [[390 532]]

 [[391 533]]

 [[392 533]]

 [[393 533]]

 [[394 534]]

 [[395 534]]

 [[396 534]]

 [[397 535]]

 [[398 534]]

 [[398 533]]

 [[398 532]]

 [[399 531]]

 [[399 530]]

 [[400 529]]

 [[400 528]]

 [[400 527]]

 [[401 526]]

 [[401 525]]

 [[402 524]]

 [[402 523]]

 [[402 522]]

 [[403 521]]

 [[403 520]]

 [[404 519]]

 [[404 518]]

 [[404 517]]

 [[405 516]]

 [[405 515]]

 [[406 514]]

 [[406 513]]

 [[406 512]]

 [[407 511]]

 [[407 510]]

 [[408 509]]

 [[408 508]]

 [[408 507]]

 [[409 506]]

 [[409 505]]

 [[410 504]]

 [[410 503]]

 [[410 502]]

 [[411 501]]

 [[411 500]]

 [[412 499]]

 [[412 498]]

 [[412 497]]

 [[413 496]]

 [[412 495]]

 [[411 495]]

 [[410 495]]

 [[409 494]]

 [[408 494]]

 [[407 494]]

 [[406 493]]

 [[405 493]]

 [[404 492]]

 [[403 492]]

 [[402 492]]

 [[401 491]]

 [[400 491]]

 [[399 490]]

 [[398 490]]

 [[397 490]]

 [[396 489]]

 [[395 489]]

 [[394 489]]

 [[393 488]]

 [[392 488]]

 [[391 487]]

 [[390 487]]

 [[389 487]]

 [[388 486]]

 [[387 486]]

 [[386 486]]

 [[385 485]]

 [[384 485]]

 [[383 484]]

 [[382 484]]

 [[381 484]]

 [[380 483]]

 [[379 483]]

 [[378 483]]

 [[377 482]]

 [[376 482]]

 [[375 481]]

 [[374 481]]

 [[373 481]]

 [[372 480]]

 [[371 480]]

 [[370 479]]

 [[369 479]]

 [[368 479]]

 [[367 478]]

 [[366 478]]

 [[365 478]]

 [[364 477]]

 [[363 477]]

 [[362 476]]

 [[361 476]]

 [[360 476]]

 [[359 475]]

 [[358 475]]

 [[357 475]]

 [[356 474]]

 [[355 474]]

 [[354 473]]

 [[353 473]]

 [[352 473]]

 [[351 472]]

 [[350 472]]

 [[349 471]]

 [[348 471]]

 [[347 471]]

 [[346 470]]

 [[345 470]]

 [[344 470]]

 [[343 469]]

 [[342 469]]

 [[341 468]]

 [[340 468]]

 [[339 468]]

 [[338 467]]

 [[337 467]]

 [[336 467]]

 [[335 466]]

 [[334 466]]

 [[333 465]]

 [[332 465]]

 [[331 465]]]